step,dt_ms,cum_ms,inst_tok_s,avg_tok_s
1,205.697,205.697,4.862,4.862
2,39.049,244.746,25.609,8.172
3,39.134,283.880,25.553,10.568
4,43.511,327.391,22.983,12.218
5,42.821,370.212,23.353,13.506
6,39.389,409.600,25.388,14.648
7,40.095,449.695,24.941,15.566
8,40.219,489.914,24.864,16.329
9,39.801,529.715,25.125,16.990
10,42.950,572.665,23.283,17.462
11,41.282,613.947,24.224,17.917
